50 0 0.1     5.25138672701
/n
50 5 0.1     5.22161291459
/n
50 2 0.1     5.25567937866
/n
25 0 0.05     5.49894036124
/n
50 0 0.5     5.0486207299
/n
50 2 0.5     5.07224254131
/n
50 0 0.05     5.43162015223
/n
25 5 0.05     5.4966036224
/n
25 5 0.5     5.05986117977
/n
50 5 0.05     5.41853909411
/n
25 5 0.1     5.31454366435
/n
25 0 0.5     5.06779142656
/n
25 2 0.05     5.49789236222
/n
25 2 0.5     5.05294644489
/n
25 0 0.1     5.28082239156
/n
50 2 0.05     5.4200163633
/n
25 2 0.1     5.31190137887
/n
50 5 0.5     5.08243581791
/n

50 0 0.1     5.25138672701
/n
50 5 0.1     5.22161291459
/n
50 2 0.1     5.25567937866
/n
25 0 0.05     5.49894036124
/n
50 0 0.5     5.0486207299
/n
50 2 0.5     5.07224254131
/n
50 0 0.05     5.43162015223
/n
25 5 0.05     5.4966036224
/n
25 5 0.5     5.05986117977
/n
50 5 0.05     5.41853909411
/n
25 5 0.1     5.31454366435
/n
25 0 0.5     5.06779142656
/n
25 2 0.05     5.49789236222
/n
25 2 0.5     5.05294644489
/n
25 0 0.1     5.28082239156
/n
50 2 0.05     5.4200163633
/n
25 2 0.1     5.31190137887
/n
50 5 0.5     5.0824358179150 0 0.1	5.25138672701
50 5 0.1	5.22161291459
50 2 0.1	5.25567937866
25 0 0.05	5.49894036124
50 0 0.5	5.0486207299
50 2 0.5	5.07224254131
50 0 0.05	5.43162015223
25 5 0.05	5.4966036224
25 5 0.5	5.05986117977
50 5 0.05	5.41853909411
25 5 0.1	5.31454366435
25 0 0.5	5.06779142656
25 2 0.05	5.49789236222
25 2 0.5	5.05294644489
25 0 0.1	5.28082239156
50 2 0.05	5.4200163633
25 2 0.1	5.31190137887
50 5 0.5	5.08243581791
